52
53
54
59
60
61
62
63
69
70
71
141
142
143
148
149
152
157
158
160
161
162
165
166
233
234
238
239
240
242
243
247
250
251
252
321
322
323
327
328
332
333
334
338
339
340
341
413
419
420
422
423
426
427
431
499
503
504
505
508
509
510
512
513
589
590
591
592
593
594
595
596
600
601
602
603
606
607
609
611
686
689
690
691
692
696
701
768
772
773
780
783
784
859
860
861
864
866
867
873
874
875
876
877
880
882
883
884
886
887
951
952
955
958
959
965
967
969
973
974
1039
1040
1041
1050
1051
1052
1053
1054
1061
1063
1064
1128
1129
1130
1131
1132
1143
1144
1145
1146
1147
1149
1150
1151
1154
1217
1218
1219
1225
1229
1230
1234
1237
1239
1240
1241
1242
1243
1246
1307
1318
1320
1324
1325
1326
1327
1330
1331
1397
1398
1403
1408
1415
1417
1419
1420
1429
1488
1493
1494
1502
1503
1504
1505
1509
1510
1514
1518
1519
1592
1593
1594
1598
1599
1600
1606
1607
1608
1639
1681
1684
1685
1686
1687
1688
1689
1690
1691
1698
1699
1729
1771
1772
1773
1774
1775
1778
1779
1783
1786
1787
1788
1819
1820
1865
1866
1867
1868
1869
1870
1871
1872
1877
1878
1954
1955
1956
1957
1959
1960
1966
1968
2044
2046
2047
2049
2050
2051
2057
2058
2133
2134
2135
2136
2138
2139
2144
2223
2224
2225
2226
2227
2228
2229
2314
2315
2316
2317
2318
2320
2325
2403
2408
2409
2410
2411
2415
2416
2493
2494
2498
2499
2501
2505
2543
2544
2545
2568
2584
2585
2586
2587
2588
2589
2595
2631
2635
2636
2637
2638
2658
2659
2673
2674
2678
2684
2685
2721
2722
2723
2724
2725
2728
2729
2760
2761
2764
2765
2768
2773
2777
2811
2812
2813
2814
2815
2816
2817
2850
2851
2852
2854
2855
2858
2863
2864
2867
2902
2903
2904
2905
2907
2908
2942
2954
2992
2993
2995
2997
2998
3031
3032
3040
3041
3046
3082
3083
3088
3089
3130
3136
3171
3172
3173
3176
3177
3178
3182
3213
3214
3220
3221
3225
3226
3227
3228
3263
3266
3267
3268
3269
3270
3301
3303
3310
3311
3313
3315
3352
3353
3356
3357
3399
3400
3401
3402
3403
3405
3444
3445
3448
3481
3482
3485
3486
3490
3491
3492
3535
3536
3537
3538
3575
3576
3577
3579
3625
3626
3633
3634
3665
3666
3667
3669
3722
3723
3724
3755
3756
3763
3764
3765
3846
3847
3850
3851
3854
3855
3856
3895
3898
3899
3901
3902
3903
3935
3936
3937
3940
3941
3942
4023
4024
4025
4026
4027
4032
4033
4034
4112
4113
4114
4115
4116
4119
4122
4123
4124
4126
4190
4202
4203
4206
4212
4213
4214
4216
4279
4280
4292
4296
4303
4304
4305
4365
4366
4369
4370
4388
4392
4393
4394
4453
4454
4455
4456
4471
4472
4474
4475
4477
4478
4479
4484
4562
4563
4564
4565
4566
4567
4568
4569
4650
4651
4652
4653
4654
4655
4656
4657
4660
4661
4740
4741
4742
4743
4744
4745
4749
4750
4751
4752
4756
4757
4831
4832
4836
4837
4838
4839
4840
4841
4842
4843
4882
4918
4920
4921
4922
4923
4924
4926
4929
4930
4931
4932
4933
4936
4971
4972
5011
5012
5013
5014
5016
5017
5018
5019
5022
5023
5026
5061
5062
5086
5087
5100
5105
5106
5107
5109
5110
5112
5113
5114
5153
5154
5190
5191
5195
5196
5198
5199
5202
5203
5204
5205
5240
5241
5242
5243
5279
5280
5281
5289
5290
5291
5329
5330
5333
5334
5335
5365
5366
5369
5370
5371
5421
5423
5435
5443
5444
5445
5446
5454
5457
5458
5459
5460
5461
5462
5463
5464
5468
5469
5513
5514
5517
5525
5526
5527
5535
5536
5544
5545
5546
5547
5548
5549
5552
5553
5555
5556
5557
5558
5603
5604
5608
5615
5616
5617
5619
5620
5630
5631
5637
5640
5642
5643
5644
5645
5646
5657
5697
5707
5708
5709
5711
5712
5720
5722
5733
5735
5736
5744
5747
5748
5798
5799
5802
5803
5812
5815
5817
5822
5823
5824
5837
5890
5891
5892
5893
5894
5895
5904
5908
5912
5913
5914
5924
5925
5926
5927
5982
5983
5994
5995
5997
5998
5999
6003
6016
6070
6071
6072
6073
6074
6086
6087
6093
6094
6161
6162
6164
6166
6167
6170
6176
6177
6178
6179
6180
6183
6253
6254
6262
6263
6265
6269
6270
6273
6274
6342
6353
6354
6360
6361
6363
6372
6373
6374
6443
6444
6449
6450
6451
6462
6463
6464
6534
6535
6537
6538
6539
6540
6541
6542
6555
6556
6623
6624
6625
6626
6627
6628
6642
6643
6645
6646
6648
6712
6713
6714
6717
6718
6719
6720
6725
6732
6735
6736
6793
6802
6803
6808
6809
6810
6812
6813
6880
6881
6883
6884
6885
6886
6887
6891
6895
6896
6897
6898
6899
6900
6902
6910
6917
6966
6967
6980
6981
6982
6985
6986
6989
6990
6991
6997
6998
7000
7001
7003
7057
7061
7062
7063
7067
7073
7074
7075
7078
7079
7080
7081
7084
7087
7093
7097
7147
7148
7151
7162
7163
7164
7165
7166
7169
7170
7171
7172
7173
7174
7183
7187
7234
7237
7238
7241
7242
7250
7251
7252
7255
7256
7257
7258
7259
7260
7261
7262
7270
7271
7272
7273
7275
7277
7320
7321
7325
7330
7331
7338
7339
7340
7341
7342
7345
7346
7347
7348
7349
7350
7351
7353
7361
7362
7363
7364
7365
7367
7410
7413
7416
7428
7429
7430
7431
7432
7434
7435
7439
7440
7441
7448
7450
7451
7452
7453
7457
7499
7500
7505
7506
7518
7519
7520
7523
7524
7525
7526
7527
7528
7529
7530
7537
7538
7540
7541
7542
7543
7545
7547
7591
7592
7593
7610
7611
7612
7615
7616
7619
7620
7621
7622
7623
7624
7633
7637
7683
7697
7698
7699
7700
7701
7704
7705
7708
7709
7711
7712
7713
7714
7723
7768
7788
7789
7791
7792
7793
7794
7795
7798
7802
7803
7877
7878
7879
7880
7881
7882
7887
7888
7889
7890
7902
7948
7968
7969
7973
7975
7976
7977
7978
7979
7992
7993
8057
8058
8059
8061
8064
8065
8066
8067
8083
8085
8127
8130
8131
8146
8147
8148
8151
8152
8155
8156
8159
8162
8163
8175
8220
8221
8222
8236
8237
8238
8239
8240
8243
8244
8245
8246
8247
8248
8249
8252
8314
8326
8327
8328
8329
8330
8332
8333
8336
8337
8338
8339
8396
8398
8399
8404
8417
8418
8419
8420
8421
8422
8427
8428
8433
8486
8487
8488
8491
8492
8506
8507
8510
8511
8512
8515
8516
8536
8575
8578
8596
8600
8601
8602
8603
8605
8606
8612
8668
8684
8685
8686
8689
8690
8691
8692
8695
8696
8699
8700
8701
8702
8703
8716
8771
8774
8775
8779
8780
8781
8782
8783
8786
8788
8789
8790
8791
8794
8846
8847
8852
8853
8858
8859
8860
8861
8862
8863
8868
8869
8870
8871
8872
8873
8874
8875
8881
8885
8937
8938
8939
8940
8948
8949
8953
8954
8955
8956
8958
8959
8960
8961
8966
8970
8971
8973
9026
9027
9028
9029
9039
9040
9042
9044
9045
9046
9047
9048
9052
9053
9054
9056
9057
9060
9061
9063
9118
9119
9120
9128
9129
9134
9135
9136
9139
9141
9142
9143
9144
9145
9146
9147
9207
9208
9210
9211
9212
9218
9219
9225
9228
9229
9231
9232
9233
9234
9235
9236
9241
9242
9246
9247
9295
9296
9297
9298
9303
9309
9312
9313
9314
9315
9316
9318
9321
9322
9325
9326
9328
9331
9386
9387
9393
9396
9397
9398
9399
9400
9401
9402
9405
9406
9407
9408
9409
9410
9411
9413
9416
9419
9425
9426
9475
9476
9477
9478
9486
9487
9488
9489
9490
9491
9492
9493
9497
9498
9499
9500
9501
9506
9507
9511
9566
9567
9571
9572
9575
9576
9577
9578
9581
9582
9583
9584
9585
9586
9587
9588
9591
9596
9597
9606
9607
9656
9657
9661
9666
9667
9668
9669
9670
9673
9674
9675
9678
9680
9681
9688
9689
9690
9696
9697
9749
9752
9755
9756
9757
9761
9762
9763
9766
9767
9768
9772
9776
9778
9779
9780
9837
9845
9846
9849
9850
9851
9852
9853
9857
9858
9859
9863
9865
9866
9869
9870
9926
9927
9928
9932
9936
9938
9939
9940
9945
9947
9948
9949
9950
9951
9952
9953
9966
9967
9972
9973
10015
10017
10021
10023
10030
10032
10033
10035
10036
10038
10039
10040
10043
10044
10046
10048
10049
10050
10055
10056
10111
10112
10113
10114
10119
10120
10121
10122
10125
10126
10127
10128
10129
10130
10131
10132
10145
10195
10196
10199
10207
10208
10210
10211
10217
10218
10219
10220
10221
10222
10223
10224
10287
10288
10289
10292
10298
10299
10300
10301
10308
10310
10311
10312
10313
10314
10330
10331
10334
10375
10376
10381
10382
10383
10387
10388
10391
10392
10396
10398
10399
10400
10401
10402
10408
10418
10419
10420
10421
10422
10423
10465
10474
10475
10478
10479
10480
10481
10485
10486
10489
10490
10491
10494
10495
10497
10498
10499
10511
10512
10513
10556
10557
10565
10569
10570
10575
10576
10577
10578
10579
10580
10581
10584
10590
10591
10599
10600
10601
10602
10603
10604
10649
10660
10668
10669
10670
10671
10674
10675
10681
10692
10693
10694
10695
10738
10739
10740
10747
10748
10761
10762
10764
10765
10766
10767
10782
10783
10784
10785
10829
10830
10831
10832
10838
10845
10846
10847
10848
10849
10851
10852
10855
10856
10858
10871
10872
10873
10874
10875
10921
10922
10935
10936
10938
10939
10940
10941
10945
10948
10961
10962
10963
10964
10965
10966
11028
11029
11030
11033
11034
11035
11036
11040
11053
11054
11055
11056
11100
11101
11102
11119
11124
11125
11126
11129
11130
11143
11144
11145
11206
11209
11210
11211
11212
11213
11214
11215
11231
11232
11233
11234
11235
11236
11287
11288
11296
11297
11298
11299
11300
11301
11302
11303
11307
11310
11321
11322
11323
11324
11325
11326
11374
11386
11389
11390
11391
11392
11397
11398
11411
11412
11413
11414
11415
11416
11462
11463
11477
11479
11480
11481
11483
11485
11486
11487
11490
11501
11502
11503
11504
11505
11506
11556
11569
11570
11571
11572
11573
11574
11575
11576
11579
11580
11585
11591
11592
11593
11594
11595
11646
11656
11657
11661
11662
11663
11664
11665
11668
11669
11670
11671
11672
11675
11682
11683
11744
11745
11746
11747
11748
11749
11750
11751
11754
11756
11760
11761
11762
11763
11765
11767
11834
11835
11836
11837
11838
11839
11840
11841
11844
11846
11847
11851
11852
11853
11854
11855
11925
11926
11927
11928
11929
11930
11933
11934
11937
11938
11939
11940
11941
11942
11943
11944
11947
12015
12016
12017
12018
12021
12023
12024
12027
12028
12029
12031
12032
12033
12034
12035
12047
12104
12105
12106
12107
12108
12111
12113
12116
12117
12118
12120
12121
12122
12123
12124
12127
12137
12194
12195
12196
12197
12198
12199
12205
12206
12207
12208
12210
12211
12212
12213
12216
12217
12218
12222
12285
12287
12288
12289
12292
12294
12295
12296
12297
12298
12299
12301
12304
12305
12306
12307
12308
12309
12312
12372
12378
12379
12380
12381
12382
12383
12384
12385
12388
12389
12391
12392
12393
12394
12395
12396
12399
12402
12462
12464
12465
12466
12468
12469
12473
12474
12475
12476
12477
12478
12479
12481
12486
12487
12488
12489
12494
12552
12553
12554
12557
12560
12561
12562
12564
12565
12566
12568
12571
12574
12575
12576
12578
12579
12644
12645
12648
12651
12663
12664
12665
12666
12667
12668
12736
12737
12738
12739
12740
12748
12750
12753
12756
12757
12758
12767
12825
12826
12827
12828
12831
12835
12836
12837
12838
12840
12846
12847
12916
12917
12918
12920
12921
12925
12926
12927
12943
13004
13005
13006
13007
13008
13009
13016
13030
13032
13033
13094
13096
13097
13098
13099
13114
13115
13184
13185
13186
13187
13188
13189
13202
13204
13273
13274
13275
13276
13277
13278
13281
13282
13283
13305
13306
13363
13364
13365
13369
13370
13371
13372
13373
13374
13395
13396
13457
13458
13459
13460
13461
13462
13463
13464
13545
13546
13547
13548
13549
13550
13551
13552
13555
13556
13566
13575
13576
13577
13616
13617
13636
13637
13638
13639
13640
13641
13642
13643
13646
13647
13648
13649
13650
13651
13652
13653
13664
13665
13668
13669
13707
13709
13710
13725
13728
13729
13730
13731
13732
13733
13734
13735
13738
13739
13740
13741
13742
13743
13744
13745
13754
13755
13758
13759
13797
13798
13800
13801
13817
13818
13819
13820
13821
13822
13823
13824
13827
13829
13830
13832
13833
13834
13835
13836
13843
13844
13847
13848
13891
13906
13907
13908
13911
13914
13915
13916
13917
13918
13919
13920
13923
13925
13931
13937
13975
13981
13982
13996
13999
14000
14001
14005
14006
14007
14009
14010
14013
14015
14023
14024
14027
14028
14065
14071
14088
14089
14090
14091
14092
14094
14095
14096
14103
14104
14107
14109
14113
14114
14117
14118
14161
14162
14163
14178
14179
14180
14181
14182
14186
14187
14188
14189
14190
14193
14194
14195
14199
14200
14201
14202
14204
14246
14247
14252
14270
14271
14274
14275
14276
14277
14278
14279
14283
14284
14285
14286
14288
14289
14290
14291
14294
14337
14359
14360
14361
14362
14365
14366
14369
14370
14371
14372
14374
14375
14376
14377
14381
14383
14384
14427
14428
14429
14449
14450
14454
14455
14456
14458
14459
14460
14461
14462
14473
14539
14540
14541
14542
14543
14545
14546
14549
14550
14551
14552
14553
14556
14557
14558
14618
14619
14631
14632
14633
14634
14635
14636
14639
14640
14641
14642
14643
14644
14645
14646
14649
14650
14654
14702
14703
14704
14709
14719
14722
14723
14726
14727
14728
14730
14731
14732
14735
14736
14737
14738
14739
14742
14743
14744
14794
14809
14810
14811
14812
14813
14814
14816
14820
14821
14822
14824
14825
14826
14828
14833
14836
14879
14880
14883
14884
14885
14900
14901
14904
14905
14906
14908
14909
14910
14911
14912
14916
14923
14924
14969
14970
14973
14974
14975
14992
14993
14994
14995
14996
14999
15002
15003
15007
15012
15062
15063
15080
15081
15082
15083
15089
15091
15092
15093
15094
15095
15096
15097
15170
15171
15172
15173
15175
15176
15177
15178
15182
15183
15184
15185
15186
15187
15192
15260
15263
15264
15265
15266
15267
15268
15269
15270
15274
15275
15276
15277
15278
15279
15281
15282
15354
15355
15356
15357
15359
15360
15363
15364
15368
15369
15371
15372
15373
15374
15444
15445
15449
15450
15455
15456
15457
15458
15460
15461
15464
15533
15534
15535
15536
15539
15540
15544
15547
15548
15549
15550
15551
15552
15554
15623
15626
15627
15630
15634
15635
15636
15637
15639
15714
15715
15716
15719
15720
15724
15725
15726
15805
15806
15809
15810
15812
15815
15816
15889
15892
15893
15894
15895
15896
15897
15898
15904
15916
15917
15979
15980
15981
15983
15984
15985
15988
15989
15991
15992
15995
15997
15998
16000
16069
16070
16071
16072
16073
16074
16075
16076
16079
16080
16081
16082
16083
16086
16087
16088
16163
16164
16166
16168
16169
16172
16173
16178
